<?xml version="1.0" encoding="UTF-8" standalone="no"?>
<svg
   xmlns:dc="http://purl.org/dc/elements/1.1/"
   xmlns:cc="http://creativecommons.org/ns#"
   xmlns:rdf="http://www.w3.org/1999/02/22-rdf-syntax-ns#"
   xmlns:svg="http://www.w3.org/2000/svg"
   xmlns="http://www.w3.org/2000/svg"
   viewBox="0 0 666.66669 666.66669"
   height="666.66669"
   width="666.66669"
   xml:space="preserve"
   id="svg2"
   version="1.1"><metadata
     id="metadata8"><rdf:RDF><cc:Work
         rdf:about=""><dc:format>image/svg+xml</dc:format><dc:type
           rdf:resource="http://purl.org/dc/dcmitype/StillImage" /></cc:Work></rdf:RDF></metadata><defs
     id="defs6" /><g
     transform="matrix(1.3333333,0,0,-1.3333333,0,666.66667)"
     id="g10"><g
       transform="scale(0.1)"
       id="g12"><path
         id="path14"
         style="fill:#ffffff;fill-opacity:1;fill-rule:nonzero;stroke:none"
         d="M 5000,0 H 0 V 5000 H 5000 V 0" /><path
         id="path16"
         style="fill:#de7622;fill-opacity:1;fill-rule:nonzero;stroke:none"
         d="m 2071.04,2800.45 328.53,316.59 -224,334.5 -35.84,215.04 806.39,-809.38 c 0,0 247.89,143.36 155.31,624.21 -92.59,480.85 -701.86,498.77 -952.74,316.58 -250.88,-182.18 -448,-498.77 -77.65,-997.54" /><path
         id="path18"
         style="fill:#811b1b;fill-opacity:1;fill-rule:nonzero;stroke:none"
         d="M 2305.7,3079.85 2125.95,2900.1 c -13.37,-13.37 -13.37,-35.05 0,-48.42 6.68,-6.69 15.45,-10.03 24.21,-10.03 8.76,0 17.52,3.34 24.21,10.03 l 179.75,179.75 c 13.37,13.37 13.37,35.05 0,48.42 -13.37,13.37 -35.05,13.37 -48.42,0" /><path
         id="path20"
         style="fill:#811b1b;fill-opacity:1;fill-rule:nonzero;stroke:none"
         d="m 2971.6,2886.41 -379.15,382.2 54.28,54.25 c 48.06,-28.98 110.33,-32.7 139.02,-32.7 7.31,0 12.44,0.24 14.6,0.36 9.8,0.57 18.9,5.32 24.96,13.04 l 148.31,188.94 c 11.68,14.88 9.08,36.4 -5.79,48.08 -14.88,11.67 -36.4,9.08 -48.08,-5.8 L 2781.54,3358.7 c -21.96,0.45 -56.25,3.87 -83.86,15.09 l 196.18,196.1 c 13.37,13.37 13.38,35.04 0.01,48.42 -13.37,13.37 -35.05,13.38 -48.42,0.01 l -196.28,-196.2 c -11.25,27.43 -14.66,61.45 -15.09,83.83 l 179.42,138.06 c 14.98,11.53 17.78,33.02 6.25,48.01 -11.53,14.99 -33.03,17.79 -48.01,6.26 l -192.53,-148.15 c -7.88,-6.06 -12.73,-15.25 -13.3,-25.17 -0.62,-10.61 -4.05,-93.39 32.36,-153.71 l -54.05,-54.03 -374.97,377.99 c -6.41,6.46 -15.13,10.11 -24.24,10.13 -0.02,0 -0.04,0 -0.07,0 -9.07,0 -17.78,-3.61 -24.21,-10.03 l -5.09,-5.09 c -5.67,-5.67 -9.17,-13.14 -9.89,-21.12 -0.95,-10.38 -1.39,-21.09 -1.32,-31.84 0.7,-113.69 57.17,-246.92 167.85,-395.98 80.9,-108.96 160.5,-184.87 163.85,-188.05 7.32,-6.96 17.36,-10.32 27.39,-9.19 l 67.57,7.6 c 18.79,2.11 32.31,19.06 30.2,37.85 -2.12,18.79 -19.08,32.32 -37.86,30.2 l -51.33,-5.78 c -51.36,51.61 -263.26,274.92 -295.17,476.33 l 746.05,-752.05 c 6.69,-6.75 15.5,-10.13 24.31,-10.13 8.71,0 17.43,3.31 24.11,9.93 13.43,13.32 13.51,35 0.2,48.42" /><path
         id="path22"
         style="fill:#811b1b;fill-opacity:1;fill-rule:nonzero;stroke:none"
         d="m 2076.94,2785.68 c -7.33,0 -14.68,2.61 -20.54,7.91 -138.54,125.28 -217.99,304.19 -217.99,490.86 0,364.8 296.79,661.59 661.59,661.59 364.8,0 661.59,-296.79 661.59,-661.59 0,-157.53 -67.15,-316.74 -189.09,-448.3 -11.5,-12.41 -30.89,-13.14 -43.3,-1.64 -12.4,11.5 -13.14,30.88 -1.64,43.29 111.41,120.19 172.77,264.61 172.77,406.65 0,331.02 -269.31,600.33 -600.33,600.33 -331.02,0 -600.33,-269.31 -600.33,-600.33 0,-169.38 72.11,-331.73 197.82,-445.41 12.55,-11.35 13.52,-30.72 2.18,-43.27 -6.05,-6.69 -14.37,-10.09 -22.73,-10.09" /><path
         id="path24"
         style="fill:#de7622;fill-opacity:1;fill-rule:nonzero;stroke:none"
         d="m 2382.02,1684.12 h -369.85 c -13.81,0 -25,11.48 -25,25.66 0,14.17 11.19,25.65 25,25.65 h 369.85 c 13.81,0 25,-11.48 25,-25.65 0,-14.18 -11.19,-25.66 -25,-25.66" /><path
         id="path26"
         style="fill:#de7622;fill-opacity:1;fill-rule:nonzero;stroke:none"
         d="M 2382.02,1846.39 H 680.727 c -13.809,0 -25,11.48 -25,25.66 0,14.17 11.191,25.66 25,25.66 H 2382.02 c 13.81,0 25,-11.49 25,-25.66 0,-14.18 -11.19,-25.66 -25,-25.66" /><g
         transform="scale(10)"
         id="g28"><text
           id="text36"
           style="font-variant:normal;font-weight:normal;font-size:93.61768341px;font-family:RacingSansOne;-inkscape-font-specification:RacingSansOne-Regular;writing-mode:lr-tb;fill:#811b1b;fill-opacity:1;fill-rule:nonzero;stroke:none"
           transform="matrix(0.999998,0.00188866,0.00188866,-0.999998,66.384,203.606)"><tspan
             id="tspan30"
             y="0"
             x="0">C</tspan><tspan
             id="tspan32"
             y="0.00067670085"
             x="59.820889 114.68085">he</tspan><tspan
             id="tspan34"
             y="-7.3621981e-05"
             x="165.42186 233.295 284.50388 329.34674">fest</tspan></text>
</g><g
         transform="scale(10)"
         id="g38"><text
           id="text42"
           style="font-variant:normal;font-weight:600;font-size:23.83239937px;font-family:Poppins;-inkscape-font-specification:Poppins-SemiBold;writing-mode:lr-tb;fill:#de7622;fill-opacity:1;fill-rule:nonzero;stroke:none"
           transform="matrix(1,0,0,-1,249.319,169.073)"><tspan
             id="tspan40"
             y="0"
             x="0 12.702107 28.812811 41.706139 51.167065 56.362526 64.893768 80.146507 95.399239 111.50994 116.70541 133.12529 138.32076 156.62347 166.51393 172.92484 179.33498">Fast food &amp; Grill</tspan></text>
</g></g></g></svg>